# 生成 bugreportfile.zip
adb bugreport bugreportfile
# 蓝牙抓包文件目录: FS/data/log/bt


 981. s(s): 0000   02 40 00 0b 00 07 00 04 00 10 01 00 ff ff 00 28
 983. r(e): 0000   02 40 20 12 00 0e 00 04 00 11 06 01 00 07 00 00
            0010   18 08 00 0f 00 01 18
 984. s(s): 0000   02 40 00 0b 00 07 00 04 00 10 10 00 ff ff 00 28
 986. r(e): 0000   02 40 20 1a 00 16 00 04 00 11 14 10 00 15 00 e3
            0010   dd 28 b5 ff 07 b4 b2 0c 42 01 d6 f4 9a 87 fa
 987. s(u): 0000   02 40 00 0b 00 07 00 04 00 10 16 00 ff ff 00 28
 988. r(u): 0000   02 40 20 09 00 05 00 04 00 01 10 16 00 0a
 990. s(u): 0000   02 40 00 0b 00 07 00 04 00 08 01 00 07 00 02 28
 992. r(u): 0000   02 40 20 09 00 05 00 04 00 01 08 01 00 0a
 993. s(s): 0000   02 40 00 0b 00 07 00 04 00 08 01 00 07 00 03 28
 994. r(e): 0000   02 40 20 1b 00 17 00 04 00 09 07 02 00 0a 03 00
            0010   00 2a 04 00 02 05 00 01 2a 06 00 02 07 00 01 2a
 995. s(u): 0000   02 40 00 0b 00 07 00 04 00 08 07 00 07 00 03 28
 997. r(u): 0000   02 40 20 09 00 05 00 04 00 01 08 07 00 0a
 998. s(u): 0000   02 40 00 0b 00 07 00 04 00 08 08 00 0f 00 02 28
 999. r(u): 0000   02 40 20 09 00 05 00 04 00 01 08 08 00 0a
1000. s(s): 0000   02 40 00 0b 00 07 00 04 00 08 08 00 0f 00 03 28
1002. r(e): 0000   02 40 20 1b 00 17 00 04 00 09 07 09 00 20 0a 00
            0010   05 2a 0c 00 02 0d 00 01 2a 0e 00 02 0f 00 01 2a
1003. s(u): 0000   02 40 00 0b 00 07 00 04 00 08 0f 00 0f 00 03 28
1004. r(u): 0000   02 40 20 09 00 05 00 04 00 01 08 0f 00 0a
1005. s(s): 0000   02 40 00 09 00 05 00 04 00 04 0b 00 0b 00
1007. r(e): 0000   02 40 20 0a 00 06 00 04 00 05 01 0b 00 02 29
1008. s(u): 0000   02 40 00 0b 00 07 00 04 00 08 10 00 15 00 02 28
1009. r(u): 0000   02 40 20 09 00 05 00 04 00 01 08 10 00 0a
1010. s(s): 0000   02 40 00 0b 00 07 00 04 00 08 10 00 15 00 03 28
1012. r(e): 0000   02 40 20 1b 00 17 00 04 00 09 15 11 00 10 12 00
            0010   95 b0 eb 10 20 a3 f3 b3 45 48 fe d7 e2 fd e2 10
1013. s(s): 0000   02 40 00 0b 00 07 00 04 00 08 12 00 15 00 03 28
1014. r(e): 0000   02 40 20 1b 00 17 00 04 00 09 15 14 00 08 15 00
            0010   0b ed 8d fc b7 f7 94 bc 7e 4a bc f6 aa ae 2e b0
1015. s(u): 0000   02 40 00 0b 00 07 00 04 00 08 15 00 15 00 03 28
1017. r(u): 0000   02 40 20 09 00 05 00 04 00 01 08 15 00 0a
1018. s(s): 0000   02 40 00 09 00 05 00 04 00 04 13 00 13 00
1019. r(e): 0000   02 40 20 0a 00 06 00 04 00 05 01 13 00 02 29
1022. s(s): 0000   02 40 00 09 00 05 00 04 00 12 13 00 01 00
1025. r(e): 0000   02 40 20 05 00 01 00 04 00 13
1027. s(s): 0000   02 40 00 0d 00 09 00 04 00 12 15 00 fe 01 00 02
            0010   50 11                                              
1028. r(e): 0000   02 40 20 05 00 01 00 04 00 13
1029. r(u): 0000   02 40 20 19 00 15 00 04 00 1b 12 00 fe 01 00 0e
            0010   50 12 02 07 57 57 30 30 30 31 04 30 2e 37
1030. s(s): 0000   02 40 00 0d 00 09 00 04 00 12 15 00 fe 01 00 02
            0010   30 04
1032. r(e): 0000   02 40 20 05 00 01 00 04 00 13
1034. s(s): 0000   02 40 00 1b 00 17 00 04 00 12 15 00 fe 01 00 10
            0010   50 01 32 30 32 31 31 32 31 31 31 37 31 31 34 31
1035. r(e): 0000   02 40 20 05 00 01 00 04 00 13
1037. s(s): 0000   02 40 00 11 00 0d 00 04 00 12 15 00 fe 01 00 06
            0010   32 01 01 80 7f 12
1038. r(e): 0000   02 40 20 05 00 01 00 04 00 13
1040. s(s): 0000   02 40 00 11 00 0d 00 04 00 12 15 00 fe 01 00 06
            0010   32 01 01 80 7f 12
1041. r(e): 0000   02 40 20 05 00 01 00 04 00 13
1043. s(s): 0000   02 40 00 09 00 05 00 04 00 12 13 00 00 00
1044. r(e): 0000   02 40 20 05 00 01 00 04 00 13
1046. s(s): 0000   02 40 00 09 00 05 00 04 00 12 13 00 01 00
1047. r(e): 0000   02 40 20 05 00 01 00 04 00 13
1048. s(s): 0000   02 40 00 0d 00 09 00 04 00 12 15 00 fe 01 00 02
            0010   30 04
1050. r(e): 0000   02 40 20 05 00 01 00 04 00 13
1052. s(s): 0000   02 40 00 0b 00 07 00 04 00 10 01 00 ff ff 00 28
1054. r(e): 0000   02 40 20 12 00 0e 00 04 00 11 06 01 00 07 00 00
            0010   18 08 00 0f 00 01 18


